%YAML:1.0
cameraMatrix: !!opencv-matrix
   rows: 3
   cols: 3
   dt: d
   data: [ 1.0538371641570686e+03, 0., 9.5383729835476333e+02, 0.,
       1.0517467470899473e+03, 5.6802156310121495e+02, 0., 0., 1. ]
distortionCoefficients: !!opencv-matrix
   rows: 1
   cols: 5
   dt: d
   data: [ 3.6296392862044544e-02, -9.0949927641025247e-02,
       9.7818209211324430e-03, -4.9890093164609520e-03,
       -1.0421312685695587e-02 ]
rotation: !!opencv-matrix
   rows: 3
   cols: 3
   dt: d
   data: [ 1., 0., 0., 0., 1., 0., 0., 0., 1. ]
projection: !!opencv-matrix
   rows: 4
   cols: 4
   dt: d
   data: [ 1.0538371641570686e+03, 0., 9.5383729835476333e+02, 0., 0.,
       1.0517467470899473e+03, 5.6802156310121495e+02, 0., 0., 0., 1.,
       0., 0., 0., 0., 1. ]
