%YAML:1.0
depthShift: -6.3248246781776141e+00
