%YAML:1.0
cameraMatrix: !!opencv-matrix
   rows: 3
   cols: 3
   dt: d
   data: [ 3.3242074794726295e+02, 0., 2.5470269074932420e+02, 0.,
       3.3207616596396684e+02, 2.1196842401427949e+02, 0., 0., 1. ]
distortionCoefficients: !!opencv-matrix
   rows: 1
   cols: 5
   dt: d
   data: [ 5.2331896053390566e-02, -3.0187102623879486e-01,
       6.0722625335818898e-03, 2.3008489291847733e-03,
       1.7226566557358994e-01 ]
rotation: !!opencv-matrix
   rows: 3
   cols: 3
   dt: d
   data: [ 1., 0., 0., 0., 1., 0., 0., 0., 1. ]
projection: !!opencv-matrix
   rows: 4
   cols: 4
   dt: d
   data: [ 3.3242074794726295e+02, 0., 2.5470269074932420e+02, 0., 0.,
       3.3207616596396684e+02, 2.1196842401427949e+02, 0., 0., 0., 1.,
       0., 0., 0., 0., 1. ]
