%YAML:1.0
rotation: !!opencv-matrix
   rows: 3
   cols: 3
   dt: d
   data: [ 8.7960132762009557e-01, 3.5366883241546007e-02,
       4.7439507587952900e-01, -2.0570061045975935e-01,
       9.2746044408930439e-01, 3.1225691906850134e-01,
       -4.2893911375094662e-01, -3.7224495727873746e-01,
       8.2307042740892067e-01 ]
translation: !!opencv-matrix
   rows: 3
   cols: 1
   dt: d
   data: [ -5.5839559137306016e-01, -2.8427676471402019e-01,
       3.1779769147285025e-01 ]
essential: !!opencv-matrix
   rows: 3
   cols: 3
   dt: d
   data: [ 1.8730860265508575e-01, -1.8892419592765727e-01,
       -3.3321432626198816e-01, 4.0017561248124445e-02,
       -1.9662042920654696e-01, 6.1036055801528355e-01,
       3.6491253367747450e-01, -5.0783584000644288e-01,
       -3.9503389616290963e-02 ]
fundamental: !!opencv-matrix
   rows: 3
   cols: 3
   dt: d
   data: [ -1.0001160730797546e-05, 1.0097891073795198e-05,
       6.3212037503487181e-03, -2.1409456082272365e-06,
       1.0530138214233147e-05, -1.2541746485753855e-02,
       -9.7775379318002613e-03, 1.2991777869218292e-02, 1. ]
